%YAML:1.0

cam0:
  T_cam_imu:
    - [0.00025254906690530543, -0.9998460315289321, -0.017545639196565876, 0.13892608158594275]
    - [0.9999994379365245, 0.00023444276952488963, 0.001034003493594995, -0.003152696366243426]
    - [-0.0010297308414116777, -0.017545890471420397, 0.9998455287602985, -0.062118677353648934]
    - [0.0, 0.0, 0.0, 1.0]
  cam_overlaps: []
  camera_model: pinhole
  distortion_coeffs: [-0.505584403966418, 0.307065737029373, 0.0014092241589956467, -0.0001964988895031489]
  distortion_model: radtan
  intrinsics: [794.0077201376054, 791.8666449477511, 311.30572048783006, 211.9157796072673]
  resolution: [640, 480]
  rostopic: /cam0/image_raw
  timeshift_cam_imu: -0.01716528302243937
